1762952608189 7.0 0
1762952721788 8.0 1
1762952837284 8.0 2
1762952952564 7.0 3
1762953067337 8.0 4
1762953182528 7.0 5
1762953297163 7.0 6
1762953413095 7.0 7
1762953529111 8.0 8
1762953642314 6.0 9
1762953757273 6.0 10
1762953872152 8.0 11
1762953988447 7.0 12
1762954107041 6.0 13
1762954221173 6.0 14
1762954333844 7.0 15
1762954446246 5.0 16
1762954561442 6.0 17
1762954677292 6.0 18
1762954791898 7.0 19
1762954906377 7.0 20
1762955019766 6.0 21
1762955133648 7.0 22
1762955249424 6.0 23
1762955363680 6.0 24
1762955478725 6.0 25
1762955597671 6.0 26
1762955712441 7.0 27
1762955827109 6.0 28
1762955940569 6.0 29
1762956055442 6.0 30
1762956173026 6.0 31
1762956287182 6.0 32
1762956403140 7.0 33
1762956516313 7.0 34
1762956630300 7.0 35
1762956745038 7.0 36
1762956859974 7.0 37
1762956975412 7.0 38
1762957090973 7.0 39
1762957204579 7.0 40
1762957319046 7.0 41
1762957434364 7.0 42
1762957549449 7.0 43
1762957664058 7.0 44
1762958081260 7.0 45
1762958195752 8.0 46
1762958309426 8.0 47
1762958424159 8.0 48
1762958540565 8.0 49
