1762952608189 115.2397665977478 0
1762952721788 113.42843890190125 1
1762952837284 115.20212578773499 2
1762952952564 115.27787065505981 3
1762953067337 114.47764301300049 4
1762953182528 115.18909096717834 5
1762953297163 114.6325855255127 6
1762953413095 115.92949676513672 7
1762953529111 115.7258448600769 8
1762953642314 113.2010383605957 9
1762953757273 114.45188331604004 10
1762953872152 114.87673258781433 11
1762953988447 115.99621796607971 12
1762954107041 118.59185242652893 13
1762954221173 114.13001680374146 14
1762954333844 112.66842675209045 15
1762954446246 112.39882493019104 16
1762954561442 115.19411039352417 17
1762954677292 115.84692549705505 18
1762954791898 114.60381078720093 19
1762954906377 114.26580858230591 20
1762955019766 113.38719272613525 21
1762955133648 113.87888097763062 22
1762955249424 115.77434062957764 23
1762955363680 114.25289034843445 24
1762955478725 115.04269242286682 25
1762955597671 118.94433665275574 26
1762955712441 114.47634720802307 27
1762955827109 114.66595673561096 28
1762955940569 113.45780539512634 29
1762956055442 114.6497950553894 30
1762956173026 117.58132886886597 31
1762956287182 113.85981154441833 32
1762956403140 115.95541954040527 33
1762956516313 112.87532591819763 34
1762956630300 113.98439574241638 35
1762956745038 114.73591375350952 36
1762956859974 114.93398594856262 37
1762956975412 115.43575882911682 38
1762957090973 115.55843782424927 39
1762957204579 113.38363289833069 40
1762957319046 114.4645471572876 41
1762957434364 115.31635022163391 42
1762957549449 115.08165287971497 43
1762957664058 114.31322312355042 44
1762958081260 417.19936203956604 45
1762958195752 114.48971509933472 46
1762958309426 113.67179822921753 47
1762958424159 114.43918991088867 48
1762958540565 116.1110486984253 49
