1762952608189 9.999999999999999e-05 0
1762952721788 0.00015 1
1762952837284 0.00015 2
1762952952564 0.00015 3
1762953067337 0.000149861870989979 4
1762953182528 0.00014944802909201344 5
1762953297163 0.0001487601075510082 6
1762953413095 0.00014780082127900416 7
1762953529111 0.00014657395614066075 8
1762953642314 0.00014508435401217759 9
1762953757273 0.00014333789367262136 10
1762953872152 0.00014134146760307043 11
1762953988447 0.00013910295478514106 12
1762954107041 0.0001366311896062463 13
1762954221173 0.00013393592699430525 14
1762954333844 0.0001310278039194988 15
1762954446246 0.0001279182974150082 16
1762954561442 0.00012461967928240828 17
1762954677292 0.00012114496766047313 18
1762954791898 0.00011750787564852974 19
1762954906377 0.00011372275718712006 20
1762955019766 0.00010980455040955507 21
1762955133648 0.00010576871868792746 22
1762955249424 0.00010163118960624632 23
1762955363680 9.740829210153981e-05 24
1762955478725 9.311669202100073e-05 25
1762955597671 8.877332634950131e-05 26
1762955712441 8.439533636705194e-05 27
1762955827109 7.999999999999999e-05 28
1762955940569 7.560466363294806e-05 29
1762956055442 7.12266736504987e-05 30
1762956173026 6.688330797899928e-05 31
1762956287182 6.259170789846016e-05 32
1762956403140 5.83688103937537e-05 33
1762956516313 5.423128131207256e-05 34
1762956630300 5.019544959044491e-05 35
1762956745038 4.6277242812879914e-05 36
1762956859974 4.2492124351470214e-05 37
1762956975412 3.885503233952689e-05 38
1762957090973 3.5380320717591716e-05 39
1762957204579 3.2081702584991786e-05 40
1762957319046 2.8972196080501208e-05 41
1762957434364 2.6064073005694758e-05 42
1762957549449 2.3368810393753687e-05 43
1762957664058 2.089704521485896e-05 44
1762958081260 1.865853239692955e-05 45
1762958195752 1.6662106327378645e-05 46
1762958309426 1.4915645987822406e-05 47
1762958424159 1.3426043859339253e-05 48
1762958540565 1.2199178720995834e-05 49
