1762952608189 0.03279685078132847 0
1762952721788 0.03645560132348134 1
1762952837284 0.03763305250482662 2
1762952952564 0.035516422689467565 3
1762953067337 0.03807702673599052 4
1762953182528 0.03617382975576391 5
1762953297163 0.036903025362514254 6
1762953413095 0.02913701675453438 7
1762953529111 0.03768134492467227 8
1762953642314 0.040730836426461026 9
1762953757273 0.037578267088476454 10
1762953872152 0.03982086018425835 11
1762953988447 0.04436362513945277 12
1762954107041 0.04440644427111317 13
1762954221173 0.038020411702707556 14
1762954333844 0.046396592156145056 15
1762954446246 0.039677902956097695 16
1762954561442 0.04180606819182586 17
1762954677292 0.05008746976401927 18
1762954791898 0.047934357527746364 19
1762954906377 0.04554427776723946 20
1762955019766 0.047675548369952324 21
1762955133648 0.04776716756074962 22
1762955249424 0.04839583756166949 23
1762955363680 0.05008331489635586 24
1762955478725 0.046541026561457755 25
1762955597671 0.04986776376508122 26
1762955712441 0.04866430963683415 27
1762955827109 0.04869634632888578 28
1762955940569 0.04782345128513383 29
1762956055442 0.05174466483602095 30
1762956173026 0.04909012690916515 31
1762956287182 0.05334247928763877 32
1762956403140 0.052785405061756274 33
1762956516313 0.052681174090067416 34
1762956630300 0.04967690079436173 35
1762956745038 0.050629644553887354 36
1762956859974 0.05112457455863223 37
1762956975412 0.05058757074447623 38
1762957090973 0.04780433351138569 39
1762957204579 0.04888065342606934 40
1762957319046 0.05087854830476129 41
1762957434364 0.0508066891048346 42
1762957549449 0.052077121655205734 43
1762957664058 0.05233291838250761 44
1762958081260 0.05077689753540873 45
1762958195752 0.05039039025228778 46
1762958309426 0.05050725262116912 47
1762958424159 0.05261716916018432 48
1762958540565 0.050732680368661354 49
