1762952608189 0.02733792864432138 0
1762952721788 0.025705964589912082 1
1762952837284 0.025315398316560014 2
1762952952564 0.025366559466947953 3
1762953067337 0.02515668557551239 4
1762953182528 0.02517237160505066 5
1762953297163 0.025017713391852957 6
1762953413095 0.024979666085733522 7
1762953529111 0.02498142635675087 8
1762953642314 0.024964680786304656 9
1762953757273 0.024940204581305865 10
1762953872152 0.024700297072770133 11
1762953988447 0.024740259519838277 12
1762954107041 0.0246794022199127 13
1762954221173 0.024711748540040948 14
1762954333844 0.024651208306632696 15
1762954446246 0.0246599655665998 16
1762954561442 0.024511147478234865 17
1762954677292 0.02451233109909921 18
1762954791898 0.024478081549938406 19
1762954906377 0.02447436616245297 20
1762955019766 0.024331951491354455 21
1762955133648 0.02442790084563556 22
1762955249424 0.024313475572383933 23
1762955363680 0.024219948497991407 24
1762955478725 0.024129810442607248 25
1762955597671 0.024174876909162247 26
1762955712441 0.024112748132357673 27
1762955827109 0.02420547305636348 28
1762955940569 0.024274084011032697 29
1762956055442 0.024246240751968035 30
1762956173026 0.024086968096408753 31
1762956287182 0.024057250834190316 32
1762956403140 0.024163690872580534 33
1762956516313 0.0239050654288862 34
1762956630300 0.02391087889461027 35
1762956745038 0.02371896333211372 36
1762956859974 0.023793586060374735 37
1762956975412 0.023980970261618495 38
1762957090973 0.02393539344906927 39
1762957204579 0.02380043092829686 40
1762957319046 0.02355587520005722 41
1762957434364 0.023552384910984867 42
1762957549449 0.02338515176257539 43
1762957664058 0.02320152268023981 44
1762958081260 0.023450538362075966 45
1762958195752 0.02336483100999988 46
1762958309426 0.023219265449311462 47
1762958424159 0.023033747070228622 48
1762958540565 0.023374725715257227 49
